53.14
54.29
54.29
53.88
54.98
54.98
56.11
57.32
57.32
58.42
58.42
59.5
59.55
60.69
60.69
61.9
61.88
60.8
60.74
59.59
60.46
60.46
60.46
59.37
58.98
57.9
58.73
57.63
58.47
57.41
58.53
58.53
58.53
58.5
59.65
59.69
59.7
59.72
59.72
58.5
58.5
59.64
60.85
60.91
60.91
59.79
59.84
58.72
58.72
57.59
57.6
56.53
56.47
57.61
58.7
57.47
56.24
54.99
53.85
54.97
54.97
55.08
56.2
57.41
57.4
57.47
58.63
58.63
58.62
59.76
60.91
59.77
59.77
58.54
57.44
56.28
56.2
56.33
56.33
56.33
57.45
56.35
55.17
55.19
55.19
55.19
55.19
55.17
55.28
56.32
57.43
57.53
57.53
56.43
56.46
56.35
57.47
58.67
58.76
59.99
61.18
60.03
60.03
61.23
60.13
61.22
60.07
60.08
60.08
60.19
60.19
59.11
57.98
58.01
59.19
59.2
58.07
58.07
56.95
57.9
57.03
58.15
59.35
59.35
59.35
59.35
58.52
58.52
57.68
57.68
57.72
58.83
58.83
57.72
57.74
56.61
55.39
55.41
55.41
55.41
55.41
55.35
55.27
54.14
55.24
56.26
55.09
56.16
56.16
57.37
56.24
56.24
56.22
55.08
53.99
55.07
55.07
55.07
56.2
56.25
57.5
57.49
57.49
56.28
55.18
55.04
53.88
53.88
53.81
53.89
53.97
53.97
53.97
55.18
56.31
56.31
55.17
53.94
55.07
55.07
53.95
53.95
55.07
55.16
56.39
57.52
57.52
56.32
55.09
55.25
55.21
55.09
56.22
57.32
56.15
56.17
55.05
53.85
52.67
51.44
51.09
51.93
52.73
52.36
53.18
52.09
53.2
51.98
53.06
51.85
52.98
52.98
54.2
53.03
53.09
51.87
53.11
54.28
55.38
54.43
54.43
53.31
52.11
53.26
53.26
54.37
55.55
55.55
55.55
56.76
56.71
56.81
56.81
57.89
57.77
58.99
60.22
60.15
60.15
60.15
60.15
59.07
59.08
60.27
59.17
58.15
59.38
59.52
60.61
60.63
60.63
61.86
61.85
61.85
61.85
61.88
63.04
64.18
63.05
61.88
60.63
59.45
59.42
59.42
59.42
59.57
59.57
60.72
59.65
59.51
58.28
58.28
58.28
57.07
55.94
57.08
58.33
59.44
58.31
58.31
58.31
58.31
57.19
55.99
54.76
53.63
53.63
54.84
54.84
53.64
52.57
52.59
52.55
52.69
53.95
53.95
55.22
56.31
56.31
56.31
56.62
56.85
56.05
56.31
55.49
55.49
55.59
55.59
54.51
54.51
54.59
55.64
54.42
54.42
54.4
55.55
55.45
55.39
54.29
55.34
55.34
55.34
55.34
55.29
56.46
55.35
55.38
55.38
55.38
55.29
54.18
52.97
54.06
54.11
53.06
51.84
51.87
51.85
51.85
52.87
54.14
55.28
55.31
54.12
55.16
56.3
56.27
56.19
55.1
53.87
54.95
53.72
52.62
53.67
54.85
53.74
52.58
52.58
52.58
52.58
53.72
53.72
53.85
54.88
54.88
54.78
55.93
55.99
57.2
56.12
56.12
57.23
58.35
59.16
59.16
58.86
57.61
57.33
58.19
59.06
59.87
59.87
59.87
59.87
61.0
62.16
62.16
62.18
62.18
62.18
62.18
62.23
61.14
61.12
60.99
59.87
58.6
58.54
59.63
60.79
59.64
59.71
60.87
60.95
60.95
60.95
59.74
60.86
60.86
60.86
60.71
59.66
59.66
60.76
59.54
58.39
58.5
58.6
59.81
58.76
59.92
59.92
59.92
58.82
57.65
58.76
57.55
58.83
60.01
58.89
59.93
59.93
60.06
60.08
61.22
62.41
62.33
62.39
62.39
62.47
62.3
61.16
61.09
61.09
60.05
60.08
59.98
58.85
59.98
61.21
61.32
62.49
62.49
61.44
61.44
62.55
62.55
61.41
62.53
63.72
62.58
62.58
62.49
61.46
62.58
61.46
60.31
59.1
57.89
57.89
57.89
56.78
55.66
54.85
55.99
56.27
57.43
56.6
56.89
56.02
56.41
56.41
56.41
57.54
56.41
55.25
56.42
56.38
57.5
57.5
57.5
57.55
57.55
57.39
57.48
58.62
59.79
59.92
59.8
59.79
60.99
59.85
58.69
57.52
57.52
57.52
58.65
58.74
59.87
61.09
60.03
61.04
62.26
62.37
62.37
62.37
62.3
62.17
60.96
60.96
60.97
60.97
60.97
62.09
63.23
63.22
63.22
61.94
60.76
61.86
61.89
61.89
61.87
61.92
60.78
59.59
59.5
59.56
59.56
58.46
57.36
58.58
57.48
58.67
59.89
59.88
59.82
61.02
61.01
59.78
58.59
57.42
57.42
57.42
56.24
55.13
56.2
57.27
57.37
56.18
57.4
57.4
57.42
57.42
56.3
56.3
56.3
57.46
58.58
58.58
59.81
61.04
62.26
62.26
62.26
62.23
62.14
62.14
62.13
63.22
63.22
63.22
64.38
63.25
63.25
64.3
64.21
63.02
61.9
61.9
61.9
60.71
61.93
60.87
60.87
59.73
58.56
58.61
57.64
56.49
55.29
56.48
56.48
57.71
57.71
57.71
57.69
57.62
56.49
56.42
57.48
57.5
56.28
55.07
55.07
55.07
55.1
54.02
54.02
55.17
54.0
54.0
55.21
54.09
54.04
54.01
54.01
55.2
56.4
56.42
55.35
55.35
54.15
52.95
54.06
54.06
54.09
52.89
52.89
54.09
55.22
54.0
54.0
54.04
52.82
51.66
51.71
50.51
49.39
50.5
51.67
52.77
52.77
52.77
52.77
52.77
51.7
51.73
51.66
51.66
51.54
51.54
50.39
51.58
52.69
52.69
53.89
53.97
52.85
52.85
51.62
50.39
50.27
51.3
50.16
50.26
49.19
50.34
50.41
50.41
50.32
50.32
50.31
50.31
51.46
51.64
50.56
51.73
52.94
54.08
54.08
55.2
55.16
55.16
55.17
56.32
57.4
57.39
57.39
58.6
59.82
58.63
59.77
58.54
59.77
60.89
61.0
59.86
59.86
58.71
57.65
56.62
56.62
57.85
58.93
59.98
58.77
58.77
59.86
58.71
58.71
58.71
58.62
59.81
59.88
59.67
59.67
59.32
58.12
57.82
58.65
59.48
59.48
59.48
59.61
59.61
58.49
59.56
60.74
59.54
59.6
60.8
61.93
60.7
61.95
63.08
61.99
61.99
61.99
60.88
60.8
60.86
60.86
61.95
63.18
64.23
65.32
64.22
64.31
64.31
63.21
63.21
64.45
63.26
62.15
62.15
60.95
59.71
60.85
60.85
60.85
61.9
62.03
62.13
62.13
60.94
62.08
62.03
60.82
60.88
59.77
60.83
60.92
62.15
62.12
61.96
63.01
62.97
62.92
62.84
64.09
62.97
62.92
64.03
62.8
61.65
61.67
60.47
60.47
59.26
59.2
60.41
60.49
60.49
59.26
59.25
59.17
60.39
61.62
62.69
63.78
65.0
65.0
63.77
62.69
61.64
62.81
64.04
64.14
65.23
65.23
65.23
65.18
65.02
64.91
64.05
64.05
63.21
64.33
63.51
63.78
64.01
64.01
64.01
62.77
62.77
62.77
61.7
60.52
60.52
59.33
59.36
58.23
59.47
58.22
58.31
59.4
60.52
61.68
62.87
61.78
60.62
60.62
59.53
58.3
58.3
58.35
58.35
57.11
57.11
57.11
57.11
56.97
56.97
56.97
56.97
58.14
58.14
57.0
58.12
59.24
59.3
58.07
56.94
56.94
56.94
56.96
55.86
55.86
55.84
55.84
55.9
54.66
53.43
52.31
51.24
51.39
51.4
50.24
49.18
49.15
50.34
49.21
48.1
49.21
50.38
49.28
50.44
51.61
51.61
50.45
50.09
48.87
48.87
49.7
48.59
47.45
47.1
46.72
45.65
45.77
45.65
46.88
46.88
48.12
48.12
48.08
48.01
46.82
45.73
46.92
46.92
47.0
47.18
46.13
46.13
47.17
48.32
48.43
49.62
48.52
47.46
48.65
48.65
48.65
48.65
49.77
50.9
52.08
52.08
53.18
51.95
51.95
50.71
51.74
50.52
49.43
49.4
48.24
47.05
48.26
48.26
48.26
49.36
49.36
48.31
48.25
48.25
49.38
49.38
50.51
51.6
51.63
51.63
52.75
52.75
51.58
51.58
52.73
51.61
50.49
49.38
49.38
50.45
51.61
51.61
51.64
51.64
51.64
51.73
52.81
51.69
52.79
52.79
52.79
52.79
51.59
51.53
52.64
53.72
53.7
52.51
52.51
52.51
51.4
51.33
51.33
50.17
50.15
51.31
52.36
52.57
52.57
52.57
52.96
52.96
54.2
54.45
54.79
55.87
55.78
54.68
53.45
53.45
52.21
52.21
52.28
52.22
53.45
54.56
53.37
53.37
52.22
52.19
53.34
53.34
52.3
52.28
52.11
50.92
52.04
53.06
53.04
54.12
55.17
56.28
56.27
55.14
53.96
55.08
53.98
55.22
55.22
56.45
55.42
56.58
57.77
57.85
59.01
59.01
58.98
60.03
61.14
60.04
60.04
61.12
60.04
60.04
58.91
58.91
57.78
56.69
55.56
56.66
55.54
55.54
55.54
55.54
55.56
55.56
55.56
55.56
55.56
54.49
54.4
55.56
55.51
56.66
57.72
56.5
55.42
55.42
54.32
54.32
55.14
55.14
55.95
54.87
53.76
53.5
52.3
52.3
52.3
53.41
54.53
54.56
54.56
54.56
53.41
53.28
52.23
51.17
52.39
53.44
53.39
54.52
54.34
53.22
53.11
52.03
52.11
53.25
54.38
54.38
54.38
54.38
54.31
53.21
51.98
50.87
50.87
52.06
53.21
53.26
52.11
53.27
54.48
54.5
54.58
55.77
54.65
54.61
54.46
53.38
53.47
52.36
51.25
52.36
52.36
51.24
52.38
51.14
51.14
51.06
52.21
52.17
52.18
52.23
52.22
53.35
52.17
51.12
51.12
52.21
52.21
51.13
52.26
52.26
52.26
52.26
52.26
52.26
52.26
52.31
52.31
53.38
53.38
54.58
54.47
54.47
54.47
55.52
55.52
56.66
55.59
54.43
53.29
52.14
52.27
53.44
54.7
54.7
55.84
55.84
56.18
56.18
55.37
56.6
56.6
56.91
56.91
56.91
58.02
58.03
56.91
56.97
58.18
58.18
58.18
57.15
58.3
58.3
58.23
58.25
57.08
55.95
54.89
54.89
53.81
53.81
52.61
52.71
51.58
52.73
52.73
53.85
53.95
53.95
55.06
56.13
56.13
54.94
53.79
53.65
53.65
52.49
52.38
51.23
51.25
50.06
51.18
51.36
50.34
50.34
50.34
51.58
51.58
51.57
51.57
51.57
50.43
51.69
52.78
51.63
51.6
50.48
50.35
50.34
49.19
49.15
49.15
49.15
48.04
48.1
48.1
49.27
48.14
49.26
49.26
50.09
50.09
50.09
50.93
49.78
49.78
48.71
49.53
49.17
49.2
49.2
50.37
50.47
51.52
50.38
51.55
52.7
52.7
53.91
53.85
53.95
52.69
53.92
53.93
53.93
52.77
53.91
53.91
53.89
53.89
53.95
53.95
53.95
52.84
52.85
52.85
51.66
51.5
52.64
52.64
52.64
52.68
53.75
52.6
52.62
52.62
52.62
53.73
53.73
54.82
54.82
55.99
54.75
55.97
54.82
55.91
56.01
55.89
55.89
55.88
55.94
57.16
57.16
57.16
56.07
57.29
57.29
56.19
56.19
56.04
56.04
56.04
55.98
55.98
57.1
57.21
57.07
57.07
55.97
57.12
57.12
57.12
57.07
55.98
55.98
55.95
57.02
55.95
54.74
54.74
54.83
56.05
57.18
58.32
58.29
58.29
57.12
58.24
58.25
59.38
58.55
58.55
58.55
58.86
58.86
60.05
61.14
60.32
60.64
59.55
59.55
59.44
59.44
59.46
60.67
59.5
59.53
59.53
58.32
57.19
57.02
58.15
56.92
55.77
55.77
56.88
55.74
55.74
55.63
56.7
56.63
57.7
57.7
57.7
56.57
57.66
57.66
57.76
57.8
57.8
58.93
58.87
57.8
59.02
59.09
60.18
60.18
59.07
60.19
59.1
59.1
59.11
60.27
59.05
60.13
59.04
58.99
59.05
60.23
59.13
58.0
56.78
56.78
56.78
56.78
55.56
56.68
56.68
56.68
56.83
57.91
57.95
56.85
56.85
56.92
56.89
56.93
57.75
57.75
57.43
57.43
58.32
57.96
58.79
58.79
57.7
56.63
56.63
57.84
59.07
59.04
58.92
57.79
57.82
57.79
57.79
58.93
58.94
57.81
56.68
56.68
57.79
57.79
57.77
58.8
57.61
57.75
58.88
57.72
58.88
60.11
59.05
57.9
57.99
57.96
57.96
57.85
57.85
58.92
60.07
60.2
60.15
61.36
61.36
62.57
62.62
62.62
62.62
62.68
62.74
62.77
61.7
62.82
62.82
64.0
62.91
62.91
61.76
61.64
61.64
60.51
59.38
59.38
59.28
58.12
58.17
59.42
60.66
59.54
59.54
59.54
58.36
57.2
58.28
58.33
58.33
57.16
57.09
57.1
58.21
59.34
60.51
60.51
61.68
62.79
62.79
61.67
62.75
62.75
61.59
60.51
59.35
59.35
59.35
59.24
58.02
58.01
58.29
59.44
59.68
59.68
58.79
59.16
58.33
59.52
59.52
59.52
59.52
58.31
58.15
57.0
55.9
57.11
57.17
57.17
58.29
57.15
56.02
57.23
57.23
57.23
56.12
56.12
54.99
55.06
56.18
54.95
55.01
56.24
55.08
53.85
53.85
54.99
53.83
52.65
52.65
52.68
53.84
52.77
52.74
51.51
51.57
50.36
51.54
51.56
50.4
51.53
51.53
50.37
49.24
48.09
48.09
46.97
48.17
46.99
46.99
46.99
48.07
48.23
48.23
48.23
49.34
49.34
49.38
49.38
48.24
48.22
48.14
48.14
48.14
48.14
49.21
49.21
48.97
47.84
47.84
47.84
46.74
46.35
45.24
44.11
43.78
43.78
43.82
42.71
42.71
42.71
42.73
43.87
45.08
46.19
46.19
46.19
46.19
46.35
47.55
46.42
45.32
45.21
45.27
45.27
45.27
45.11
46.25
45.06
46.08
46.08
47.17
48.27
47.2
48.36
49.48
48.27
48.26
47.17
47.23
48.33
49.39
49.29
49.29
49.29
50.5
51.59
52.76
51.66
50.54
51.65
50.46
49.23
50.43
50.43
51.58
50.44
50.44
50.44
51.58
50.48
49.32
49.32
48.2
49.36
49.36
49.36
48.18
46.95
48.03
47.97
49.18
50.19
50.19
50.19
51.32
52.4
51.2
52.34
52.34
53.47
53.48
52.26
53.35
53.35
53.38
53.38
52.22
53.33
54.57
54.55
53.39
53.39
53.39
54.59
53.52
54.74
55.07
56.16
56.16
57.37
57.37
56.57
56.57
57.67
56.83
58.04
57.94
57.94
57.94
57.94
56.84
56.9
56.94
55.83
55.83
56.97
58.18
56.94
56.69
57.79
58.86
57.82
56.69
57.76
57.76
57.81
56.67
57.78
56.76
57.83
56.74
55.64
55.64
54.48
53.36
54.6
54.47
54.47
54.31
54.41
54.58
54.59
55.8
55.8
55.66
55.78
54.61
55.74
56.9
55.79
55.79
55.79
54.59
55.69
55.76
56.9
56.9
58.12
56.98
58.1
59.26
60.34
61.45
61.33
60.19
60.19
60.19
61.28
60.2
60.23
60.17
60.32
60.32
60.32
59.19
58.94
58.94
57.8
57.8
56.67
56.37
56.37
55.28
55.28
54.14
54.14
55.31
54.2
52.96
51.75
51.75
52.9
52.9
52.88
52.88
52.77
51.6
51.62
52.66
52.57
53.73
53.73
53.73
53.76
54.92
53.71
53.81
53.81
54.91
54.91
54.91
53.71
52.46
53.58
54.66
54.67
54.55
54.55
54.74
54.73
53.66
54.88
56.09
56.15
56.15
55.04
55.04
54.99
54.99
54.98
54.98
54.98
54.98
56.12
57.33
56.09
55.0
55.0
55.13
55.03
54.89
54.91
54.91
54.91
55.0
55.04
56.27
55.14
55.22
56.45
56.45
56.45
56.45
55.35
54.13
52.99
52.99
52.59
53.42
53.14
52.8
51.72
50.61
50.68
50.68
50.68
50.68
50.75
51.96
52.11
52.06
50.9
50.9
52.03
53.15
52.32
52.32
52.32
52.32
52.32
51.53
52.66
53.75
53.75
54.87
54.87
54.94
54.94
54.94
56.16
56.16
56.22
56.22
55.04
56.19
55.08
55.08
53.97
54.16
53.04
51.88
51.88
53.02
51.89
50.73
50.73
49.52
49.52
48.42
48.42
48.42
49.59
49.59
49.71
48.63
47.48
47.63
47.63
47.72
47.87
47.87
46.65
46.56
45.43
46.56
47.65
47.65
47.75
47.75
47.75
48.78
49.91
49.91
49.84
48.63
49.81
49.81
49.81
49.78
48.68
48.73
48.71
48.71
48.71
48.65
47.4
46.17
47.32
47.21
45.98
45.98
46.83
46.83
46.83
46.83
47.66
48.48
47.66
47.67
47.85
47.03
47.03
47.03
46.95
46.95
46.95
46.95
46.9
46.81
46.79
46.8
46.8
47.96
46.83
46.9
47.97
49.05
50.12
50.12
51.16
52.29
51.16
50.07
50.07
48.95
48.95
48.84
48.84
49.97
49.83
50.97
49.76
50.99
52.1
52.18
52.18
52.18
53.3
53.21
54.43
54.43
54.43
53.29
53.29
53.29
53.29
53.29
54.41
55.64
56.72
57.79
57.74
58.99
57.75
58.97
58.97
58.89
58.89
57.66
56.42
57.62
57.62
56.5
56.5
56.45
56.53
57.63
57.68
57.68
56.62
56.68
56.61
56.61
56.69
56.69
55.51
56.61
56.61
55.49
55.49
55.46
55.43
54.22
55.3
54.2
55.33
55.33
55.28
54.15
54.15
54.15
53.3
53.3
53.3
54.42
53.59
52.77
52.77
51.93
52.0
52.0
52.0
53.2
53.39
54.63
54.63
55.71
54.6
54.54
53.31
53.33
53.33
53.28
53.28
52.09
51.02
49.94
48.87
50.07
49.03
47.9
49.14
50.24
51.45
51.45
51.45
50.32
51.51
51.46
51.51
51.55
52.72
52.71
52.7
51.47
52.61
52.61
51.49
51.51
51.54
52.7
52.7
52.7
53.75
53.75
53.75
54.96
53.84
53.85
53.98
54.05
52.93
51.68
52.81
52.64
53.75
53.73
53.73
54.95
56.06
55.97
55.97
55.97
55.97
54.89
54.94
53.84
53.85
53.85
53.85
53.59
53.35
53.35
53.04
53.85
54.68
54.8
54.8
54.8
54.8
54.81
53.72
53.72
53.68
54.91
53.78
54.85
54.89
56.0
56.0
56.0
57.14
57.14
58.27
57.15
58.36
59.56
60.67
60.67
60.71
61.94
63.08
62.98
62.85
61.61
61.61
61.61
62.79
61.73
62.78
61.65
61.65
61.68
62.83
63.91
63.91
63.91
65.05
63.85
64.94
66.06
65.94
65.95
64.74
65.83
66.88
66.88
65.69
65.74
65.76
65.7
64.53
63.31
63.45
64.49
64.5
64.5
65.58
64.42
63.17
62.01
63.11
64.32
63.27
64.35
65.48
64.27
65.45
64.21
64.08
64.01
65.09
66.25
65.12
64.07
64.07
64.05
65.19
63.97
62.86
61.75
62.73
62.73
62.73
63.85
62.63
62.63
61.41
61.41
61.41
60.58
61.01
62.02
61.18
60.37
59.54
59.46
59.46
60.51
60.51
60.61
61.79
61.79
60.75
60.59
61.76
60.69
59.55
59.69
60.86
62.07
62.02
63.13
63.22
63.22
62.01
60.81
60.78
60.78
59.65
58.42
58.53
57.43
57.44
58.51
58.51
58.5
57.32
57.32
56.27
56.27
56.27
55.13
53.98
52.9
52.9
53.95
54.05
54.05
52.96
51.84
50.72
50.81
50.81
49.72
49.76
49.76
50.97
49.84
49.84
48.72
49.95
51.12
50.97
49.93
50.0
51.14
50.06
51.15
52.2
53.32
52.22
51.01
51.01
49.93
48.8
49.66
48.48
49.31
49.06
48.88
47.8
47.74
48.86
49.97
49.93
50.03
49.99
49.99
49.99
49.99
50.18
51.2
52.33
52.26
53.46
53.46
54.7
55.9
56.97
56.97
56.98
57.08
57.08
57.08
58.3
58.34
59.45
59.57
60.67
59.45
59.4
60.58
61.74
60.67
60.6
61.83
62.94
61.69
60.52
59.31
58.22
57.11
55.89
55.89
57.0
57.0
55.92
56.98
56.98
56.98
55.73
56.79
55.69
55.86
57.11
56.04
57.17
57.17
58.4
58.4
59.51
59.51
59.51
60.59
61.7
61.81
60.57
60.57
60.57
61.8
62.94
62.8
62.8
63.87
63.87
63.87
62.66
62.66
62.64
63.89
62.66
61.49
60.4
60.4
59.18
58.04
58.04
58.13
58.24
58.22
59.28
59.28
59.28
59.28
59.28
58.42
58.42
58.8
59.2
58.31
58.31
57.21
57.14
57.13
56.06
56.03
54.93
54.93
56.06
56.06
54.89
55.02
55.02
53.97
53.86
55.03
53.79
53.71
52.64
52.64
51.38
51.35
51.35
51.35
50.13
48.95
47.84
47.83
46.73
46.73
46.69
45.51
45.49
45.49
44.39
44.3
43.19
43.19
44.34
45.51
45.51
45.51
45.51
45.51
44.4
44.4
44.4
44.53
44.53
44.53
45.72
44.66
45.76
44.52
44.47
44.47
43.34
44.46
43.23
43.23
42.12
42.12
43.19
43.29
42.18
41.02
41.02
42.18
42.18
40.95
39.81
39.59
40.4
40.15
39.06
39.06
39.92
39.92
38.79
38.75
38.75
38.75
39.92
41.04
41.04
42.25
43.37
42.19
42.18
41.08
41.22
41.22
41.22
41.22
41.22
42.35
43.56
42.35
41.12
41.12
42.26
42.26
42.36
42.51
42.51
41.32
42.44
43.6
43.71
43.71
43.71
42.56
42.56
42.56
42.64
41.47
41.47
41.58
41.58
42.79
42.79
42.82
43.93
43.93
43.93
45.03
45.03
43.87
45.04
45.04
43.95
43.95
43.96
43.96
43.96
43.89
45.02
45.02
43.87
42.7
43.75
44.92
46.02
46.02
47.12
47.12
47.12
45.93
47.02
48.17
48.07
49.21
48.11
49.15
49.09
49.09
50.23
49.11
49.11
50.2
50.2
50.2
49.13
49.03
49.03
49.03
50.27
49.11
50.2
50.2
51.34
51.63
50.82
51.21
51.21
52.37
51.51
52.75
52.75
51.54
52.69
53.78
52.61
52.61
52.61
51.4
51.45
52.58
51.43
51.43
51.31
51.31
52.45
53.6
53.6
52.47
52.42
52.42
53.56
54.65
54.7
55.89
54.74
54.6
54.6
55.68
54.56
53.4
53.29
53.29
54.49
54.49
53.36
54.59
54.51
55.64
55.64
55.62
56.82
55.61
56.78
55.67
54.56
54.56
55.66
54.56
55.71
56.86
55.69
55.69
56.81
56.81
56.76
57.87
57.87
56.8
56.77
56.77
57.81
59.01
57.96
58.04
58.11
59.23
58.13
58.13
58.13
58.13
57.04
55.89
55.64
55.31
55.31
54.27
53.94
54.76
53.62
54.71
55.9
54.81
54.81
54.81
56.02
54.94
56.07
56.07
56.05
57.16
56.07
57.17
57.27
56.14
57.29
57.2
57.2
57.1
58.22
58.18
58.18
59.27
59.22
58.13
58.13
58.24
59.46
59.46
58.29
58.24
58.24
59.43
59.44
60.54
59.4
58.25
58.25
58.25
58.13
58.13
56.99
57.05
57.0
56.97
58.17
58.23
58.23
57.15
58.39
59.61
59.68
60.8
60.85
61.96
61.96
60.73
60.74
59.61
59.61
58.4
58.43
59.5
59.5
59.5
60.72
60.72
60.77
61.79
61.79
60.64
61.84
62.89
62.86
63.98
63.94
62.83
63.92
63.92
62.82
62.82
62.87
62.76
64.02
63.92
63.86
62.74
63.98
65.13
66.34
67.57
68.68
69.78
70.1
69.29
70.42
71.67
71.96
72.27
72.27
71.18
71.18
71.18
71.18
71.18
69.97
71.08
69.95
71.02
71.04
71.16
72.31
72.37
71.13
71.13
71.21
71.18
71.18
71.25
70.13
70.06
70.06
68.97
69.08
70.22
70.22
68.99
67.77
68.96
70.22
70.39
70.39
70.45
69.36
68.26
68.26
68.26
69.28
69.28
68.24
69.47
70.54
70.54
70.47
69.31
69.26
69.09
70.31
70.31
69.07
67.85
67.8
67.79
66.54
66.51
66.51
67.68
66.58
66.58
66.58
66.58
65.35
65.42
64.25
64.25
63.03
63.03
61.88
60.86
59.71
60.52
60.13
59.91
59.67
59.36
59.4
59.4
58.31
58.31
59.49
60.58
59.49
59.47
58.21
58.12
57.01
57.01
56.97
55.82
55.75
54.52
53.41
53.33
53.3
53.3
52.17
50.92
49.82
48.69
48.69
48.69
47.5
48.65
49.88
51.12
51.12
51.15
51.15
51.19
51.0
49.77
48.62
48.68
48.68
49.8
48.57
47.48
47.48
47.51
47.51
46.38
46.38
47.49
47.36
47.31
47.31
47.31
47.31
46.12
44.86
43.61
43.61
43.47
44.68
45.81
47.07
48.12
48.34
49.54
49.54
48.31
48.38
48.43
47.36
48.58
47.43
47.54
46.32
46.32
46.32
46.32
45.17
45.18
45.18
44.1
44.1
42.93
44.09
44.09
45.24
45.24
46.25
46.35
47.58
48.75
48.75
48.75
48.75
49.87
51.09
51.49
51.8
50.97
50.12
49.31
49.3
50.42
50.42
50.42
50.44
50.56
50.56
49.49
50.71
50.8
50.8
50.8
49.6
50.74
50.74
51.8
51.8
51.9
50.77
51.9
51.9
51.9
51.9
53.02
54.25
55.33
55.33
54.18
54.19
52.95
53.79
52.65
53.46
52.35
52.15
53.01
53.86
53.47
53.47
52.35
53.16
54.0
54.8
53.64
54.47
54.47
55.29
54.18
53.1
52.84
52.84
53.67
53.67
53.67
53.67
53.67
54.49
53.38
52.17
51.86
51.44
51.24
50.8
49.6
49.6
49.6
49.28
48.89
49.74
48.52
48.52
47.41
48.23
48.23
48.23
49.05
49.85
49.58
49.58
50.42
50.42
51.24
50.92
51.74
50.59
50.59
49.58
48.34
47.94
47.63
47.63
47.63
47.63
46.51
46.13
45.76
44.64
44.64
45.46
45.46
45.18
44.06
44.06
44.88
43.68
43.32
44.14
44.97
43.75
42.6
43.45
44.3
45.1
44.78
43.64
42.58
42.58
41.46
41.46
40.33
41.17
41.17
41.17
40.88
40.48
39.4
39.4
40.28
39.04
39.04
38.2
38.2
38.56
39.75
38.9
39.24
38.39
37.56
38.65
38.65
38.98
39.25
38.45
38.45
37.62
37.62
36.8
37.92
39.06
38.23
38.23
37.4
38.56
39.76
39.76
40.9
40.08
41.23
41.23
40.41
40.69
39.84
40.09
41.13
42.23
42.23
42.52
42.87
42.02
43.19
44.29
44.29
44.65
44.65
45.79
44.97
45.25
44.4
45.62
45.93
47.02
47.36
47.75
46.93
46.93
48.08
49.32
50.51
49.68
50.01
50.01
51.21
51.21
51.21
50.37
50.58
50.58
50.58
49.76
49.76
50.07
51.29
51.29
51.56
52.69
53.0
52.18
52.36
52.36
52.36
51.51
50.66
49.86
49.04
49.88
49.88
50.69
50.69
51.82
51.82
52.13
53.23
54.48
53.65
53.97
53.97
55.21
55.56
56.68
57.9
57.9
57.9
56.73
55.54
55.54
54.34
55.57
56.64
55.55
55.55
54.41
54.4
54.4
55.54
56.66
56.66
56.66
56.73
56.72
57.83
58.95
58.95
58.9
58.79
59.9
59.93
59.93
58.78
59.86
59.86
59.91
59.91
59.91
58.87
57.77
57.77
56.66
56.62
57.84
57.89
56.79
56.79
55.61
55.61
54.47
55.59
55.73
55.73
55.71
55.7
55.73
55.76
55.61
55.61
55.61
55.6
55.46
55.49
55.49
54.3
54.3
54.32
55.45
56.5
57.71
56.66
56.66
56.66
56.66
56.66
55.54
54.32
55.4
55.46
54.33
54.27
54.27
53.26
54.43
55.66
55.66
55.66
55.66
55.66
54.82
54.82
55.12
56.33
56.43
56.43
56.47
56.48
55.23
55.23
55.2
56.4
56.28
55.05
55.01
54.91
56.1
57.16
58.32
59.54
59.54
59.54
59.46
58.39
59.5
59.5
59.5
58.4
58.4
58.41
58.33
59.47
59.47
58.28
58.28
57.17
56.05
56.05
56.21
55.12
54.01
52.84
52.84
54.01
53.98
53.98
54.03
55.25
55.36
56.6
56.6
56.6
56.6
55.48
55.3
54.08
55.32
55.32
55.32
55.32
56.47
55.35
55.16
56.38
56.36
55.22
54.1
52.91
52.95
52.95
53.98
52.84
52.87
51.65
52.44
52.44
53.27
52.86
51.73
50.68
49.47
49.47
50.67
51.8
53.04
53.04
54.12
54.12
53.04
53.02
53.02
53.09
54.31
54.31
54.3
53.07
54.27
54.27
54.27
54.27
55.44
56.61
55.5
55.41
55.28
56.35
56.39
56.39
57.52
58.73
58.62
58.59
58.69
58.69
57.61
57.72
57.78
57.87
57.71
56.49
56.49
57.63
56.48
57.72
57.69
58.9
58.9
58.9
60.01
59.99
58.95
58.91
58.91
60.05
58.92
60.11
60.11
61.32
60.05
60.05
61.13
61.13
62.33
61.16
60.11
61.18
59.96
58.74
57.58
57.44
58.58
58.58
59.82
60.88
61.04
62.19
62.07
63.31
63.31
64.54
64.58
65.83
64.8
63.58
63.47
63.47
64.7
65.84
64.72
65.85
66.05
66.05
66.01
66.01
65.22
66.34
66.63
67.06
67.06
68.29
68.29
68.29
68.27
67.14
67.07
67.07
67.09
68.23
69.35
69.24
69.24
69.2
67.98
69.23
69.28
70.36
69.16
70.4
70.4
70.4
70.36
70.32
70.32
70.3
69.2
69.2
67.97
66.86
65.73
64.52
63.51
62.34
62.34
63.46
63.46
63.37
62.12
60.97
59.97
59.97
59.97
58.83
58.83
58.68
58.74
58.64
58.64
59.85
58.74
57.61
57.61
57.73
58.92
57.78
57.78
56.59
56.59
56.58
57.69
57.69
57.69
57.69
56.49
56.49
56.49
55.42
55.42
55.42
56.58
55.48
54.97
54.97
53.73
52.67
51.47
50.32
49.2
47.96
47.96
47.81
47.84
47.75
48.97
50.08
50.13
51.18
49.95
48.81
48.81
47.68
46.45
47.59
47.74
47.74
48.8
48.76
47.64
47.65
48.75
48.63
49.76
50.9
50.82
51.93
50.76
50.76
49.66
48.52
47.4
46.38
47.45
46.32
47.45
47.32
46.11
46.12
47.25
47.25
48.43
48.43
47.3
47.23
48.29
47.19
47.19
46.12
46.12
47.26
47.26
48.39
48.39
48.39
47.17
47.28
48.5
48.53
48.53
48.53
49.72
49.72
49.72
49.72
49.72
49.84
49.85
48.74
49.84
49.75
49.75
49.75
50.96
50.97
49.78
49.78
49.78
50.8
50.8
50.81
50.85
50.85
50.92
52.16
53.18
53.18
54.34
54.34
55.5
56.59
56.5
57.62
56.99
58.18
58.18
59.35
60.48
61.64
61.64
62.73
63.85
63.8
63.79
63.73
63.64
62.53
61.41
60.36
60.36
60.36
60.36
61.51
62.69
61.55
60.31
60.31
60.34
59.26
60.4
59.15
59.22
58.11
58.16
58.25
58.28
57.17
58.31
58.31
59.39
60.6
60.6
61.73
60.66
61.71
60.58
60.61
61.73
61.76
60.63
60.44
59.26
59.26
59.26
59.31
58.25
59.38
60.56
61.67
61.67
61.65
61.65
60.52
60.52
60.52
61.63
60.4
60.28
60.33
60.33
60.33
59.14
59.14
60.3
61.53
61.53
61.45
60.3
60.3
59.2
58.08
58.08
58.08
57.7
56.47
57.3
57.3
57.3
56.28
56.28
55.96
54.81
54.81
54.88
54.88
54.99
54.99
54.92
56.14
54.98
55.12
54.05
54.11
54.11
52.92
52.92
51.75
51.74
51.78
52.99
53.05
53.09
53.22
53.05
51.95
50.82
51.96
51.96
51.96
53.06
54.15
54.15
54.15
52.97
52.97
52.97
52.97
53.1
54.2
53.06
54.29
54.32
54.32
54.3
54.23
53.1
54.24
54.2
54.2
54.27
54.28
55.36
54.23
55.41
54.36
55.58
54.43
54.4
53.28
53.28
52.23
52.23
53.34
53.34
53.46
53.46
52.33
51.15
50.04
50.04
50.03
50.03
50.03
50.03
51.25
51.34
51.34
50.24
49.02
50.23
50.23
51.44
51.44
51.44
50.21
50.21
50.19
51.29
51.29
51.29
51.29
51.29
51.29
51.58
51.58
50.75
51.88
53.0
53.0
53.0
53.25
54.44
55.49
54.27
54.17
53.04
54.25
53.16
53.03
54.04
53.9
53.9
52.72
53.93
53.93
55.06
55.06
53.94
52.74
52.65
52.59
51.43
50.27
49.23
49.23
49.23
49.21
50.44
51.57
50.47
50.46
51.69
50.54
51.66
51.66
52.91
52.91
51.69
50.59
51.68
51.55
50.35
51.5
50.34
49.18
49.18
48.04
48.01
49.25
49.23
49.15
48.07
49.15
47.97
47.97
47.91
47.91
47.89
49.11
50.27
50.27
51.36
51.34
51.34
51.18
51.18
51.18
51.18
51.18
51.18
50.07
50.07
50.07
50.07
49.7
49.31
49.31
49.31
49.31
48.91
50.01
48.8
48.8
47.64
48.79
48.79
48.76
48.8
49.96
51.1
51.1
51.1
52.23
51.11
51.11
51.11
49.98
50.07
51.16
51.16
50.02
48.83
49.01
49.01
48.97
48.97
48.91
50.06
48.97
48.95
47.86
47.86
47.86
46.65
47.81
46.68
46.68
47.93
47.93
46.81
46.9
46.9
48.08
49.32
50.45
51.57
50.45
50.35
49.22
49.22
49.36
49.19
49.19
49.29
49.29
49.2
49.2
49.2
49.2
48.11
47.01
47.83
46.68
47.53
47.53
48.4
48.4
47.33
46.09
44.96
44.9
46.1
45.02
46.18
46.18
46.16
47.29
47.43
47.38
46.22
47.32
47.31
46.22
47.36
46.29
47.37
48.53
49.62
50.81
51.87
51.87
51.87
53.01
53.01
52.16
52.57
52.57
53.79
54.85
54.04
52.94
52.94
54.07
55.21
54.06
54.06
52.98
51.84
50.68
49.54
49.54
49.54
48.41
49.61
49.61
50.79
52.0
51.9
50.81
50.81
50.81
50.81
49.58
50.68
50.8
50.8
50.86
50.92
52.01
52.21
53.29
54.34
55.55
56.79
56.83
58.05
59.16
57.91
57.91
57.91
57.84
59.08
59.15
59.12
59.22
58.1
59.15
59.21
60.42
61.61
60.39
59.33
59.33
59.28
60.49
59.33
60.51
61.63
62.73
63.88
63.88
64.27
65.51
64.66
65.77
65.72
65.72
66.55
66.55
66.55
65.47
65.11
65.93
65.89
67.09
67.18
66.05
65.94
65.93
67.09
67.15
67.2
68.3
68.29
69.46
69.54
68.38
68.44
67.25
66.19
67.24
68.44
68.43
69.5
69.5
69.39
69.39
68.17
68.16
69.36
69.36
69.36
69.45
69.47
70.58
71.77
71.77
72.83
74.02
75.03
75.03
76.16
76.16
74.96
74.96
74.85
74.79
73.68
73.68
74.86
75.95
75.95
77.2
77.19
75.97
75.97
74.76
73.55
72.46
72.41
72.5
72.59
71.38
71.36
71.35
70.13
70.2
70.2
71.41
71.41
71.49
71.5
71.42
70.21
70.07
70.07
70.13
68.94
68.9
68.96
70.2
71.34
72.48
72.49
71.28
71.28
71.3
70.18
69.08
67.93
67.93
66.72
66.61
66.61
66.63
66.84
66.84
66.01
66.01
67.19
68.38
68.71
68.99
67.87
66.67
66.69
66.69
65.59
65.56
65.57
65.47
65.48
64.38
64.49
63.32
62.16
63.28
63.34
63.34
64.53
63.48
62.28
61.15
60.08
61.27
61.24
61.24
61.24
61.3
60.1
60.1
61.24
60.02
58.86
58.95
57.76
58.91
58.97
57.78
56.77
56.77
56.75
56.75
57.89
59.12
58.05
58.04
58.04
58.04
58.03
56.94
58.11
56.86
56.93
58.05
59.25
59.25
60.36
60.36
60.45
60.4
60.43
61.64
60.42
59.23
59.23
59.16
60.25
60.18
60.18
58.99
57.74
56.57
56.57
56.54
56.54
55.43
55.43
54.26
53.01
52.89
51.75
51.7
50.52
50.52
51.61
51.5
51.5
51.5
51.5
51.5
51.5
51.62
52.68
51.55
51.56
51.56
52.73
52.73
51.55
50.36
49.19
48.09
49.17
49.17
47.92
47.92
47.92
47.9
47.9
46.84
46.78
47.88
46.64
47.8
47.8
47.84
47.85
47.85
47.74
47.74
48.86
48.86
49.98
48.79
48.94
48.94
48.94
48.98
50.2
51.31
50.17
51.39
52.54
51.34
52.55
52.58
51.46
52.6
52.6
53.8
52.69
52.69
51.55
50.32
51.35
50.21
50.21
50.21
49.04
50.27
49.1
50.27
50.27
49.15
49.15
49.15
49.2
49.2
47.97
46.85
45.68
44.47
44.47
44.47
45.7
45.73
44.64
44.68
45.8
45.8
47.01
48.16
49.28
49.28
50.37
51.44
52.64
53.7
54.78
54.79
55.84
54.75
55.91
57.01
56.95
57.02
57.02
58.04
59.19
59.19
60.37
59.12
58.06
59.3
59.52
59.52
59.45
59.45
59.45
60.61
60.61
61.83
61.83
61.83
61.83
63.06
64.23
63.12
63.12
63.12
63.23
62.13
62.13
62.07
63.12
63.19
63.04
64.21
63.13
63.13
63.15
63.15
62.03
62.03
60.8
62.05
63.16
63.15
63.04
63.05
64.27
64.26
64.3
65.39
65.38
64.2
64.2
63.06
64.18
62.98
64.2
64.2
65.25
66.33
66.51
67.36
68.2
68.2
68.2
66.97
66.97
66.63
65.47
66.3
66.2
66.2
65.04
65.04
65.04
66.19
67.37
68.52
69.69
69.69
69.68
68.54
69.68
68.5
67.38
68.57
67.36
66.21
66.17
65.11
65.1
64.03
62.83
62.89
62.87
62.94
63.05
63.05
61.89
61.9
62.02
62.04
62.04
61.02
59.87
59.87
59.78
61.0
61.0
59.76
58.5
59.62
58.52
59.69
60.92
59.76
59.76
58.54
58.58
58.58
59.74
58.51
58.55
58.55
57.38
57.38
56.19
57.41
58.61
58.74
58.74
57.51
56.44
56.34
57.49
58.65
58.72
59.92
61.06
61.06
62.17
62.1
60.99
60.94
59.83
58.71
58.64
58.46
58.41
58.39
57.19
57.19
58.39
59.61
58.49
59.63
58.41
58.41
57.36
56.28
56.24
55.39
55.65
56.86
58.04
58.04
59.2
59.6
59.6
59.92
59.92
61.03
62.25
62.25
63.37
63.43
62.25
62.27
62.24
63.47
63.45
64.57
63.43
63.43
64.52
64.57
64.57
64.57
63.49
64.58
63.5
63.5
64.6
64.73
64.76
64.81
63.65
63.65
64.72
64.82
63.67
63.57
64.68
65.82
66.96
68.18
67.09
65.87
65.87
65.87
66.96
66.91
68.04
67.95
66.72
66.72
66.72
67.87
67.86
68.98
67.82
68.97
68.86
70.06
70.06
71.17
71.17
71.03
71.04
71.04
71.12
72.22
73.36
73.43
73.54
73.47
73.48
72.28
71.14
71.14
71.08
70.97
72.05
70.96
70.96
70.96
69.81
68.78
68.86
67.79
68.84
70.04
69.93
69.81
70.94
69.8
71.01
71.01
72.22
72.22
71.05
72.16
72.19
72.09
70.91
70.91
69.75
69.71
70.78
70.73
70.7
69.59
68.37
69.58
69.58
69.61
69.61
68.44
68.44
67.21
67.23
66.11
67.23
67.23
67.28
67.25
67.25
68.36
69.43
69.55
69.55
69.55
68.45
67.2
66.11
66.08
66.08
66.08
66.18
66.19
67.39
67.53
66.42
66.39
66.49
66.4
66.4
67.63
67.63
68.79
67.7
67.75
67.8
67.82
68.9
68.9
70.14
68.99
67.88
67.89
67.89
66.74
66.66
65.46
65.46
64.35
64.35
63.27
62.06
62.02
60.89
59.79
58.65
57.51
57.35
56.26
55.04
55.04
55.04
56.14
55.09
54.02
52.94
54.05
55.18
55.18
55.18
56.26
56.18
57.34
56.29
56.32
55.23
54.13
54.13
54.13
54.04
54.04
53.94
53.94
53.94
52.83
52.78
52.86
53.91
53.91
53.91
52.72
51.65
51.7
51.78
51.78
52.9
51.69
51.67
50.43
51.58
51.58
50.44
51.57
50.35
51.45
51.53
51.53
50.39
50.4
50.4
50.44
50.59
49.38
50.49
51.61
52.83
54.05
55.22
55.11
56.21
56.21
56.25
55.03
53.83
53.7
54.86
54.9
54.79
53.66
54.8
54.73
54.73
54.67
55.76
54.64
54.26
53.16
52.08
52.08
50.84
51.66
51.66
51.36
51.36
52.51
52.61
52.61
53.73
53.73
54.82
54.82
56.05
54.86
54.86
55.95
55.95
55.95
56.08
56.08
57.29
58.43
58.43
57.33
58.5
58.5
58.5
58.61
57.48
58.68
59.85
59.85
59.8
59.8
59.8
58.57
58.57
59.7
59.61
59.61
58.49
59.7
58.59
58.59
59.68
59.68
58.6
57.41
57.57
57.57
58.72
58.72
59.81
58.66
58.33
58.33
58.07
58.88
58.63
59.47
58.32
59.14
59.95
59.63
59.63
59.33
58.13
58.13
58.13
57.74
57.74
56.59
56.18
56.18
55.07
53.95
53.61
53.22
52.86
52.55
52.29
52.29
51.9
51.9
52.72
52.45
51.29
50.96
50.69
50.69
50.38
50.03
50.03
49.76
48.67
48.67
47.87
48.69
49.51
50.36
50.36
50.37
51.19
51.18
51.18
50.89
49.77
50.6
50.28
50.28
50.0
50.0
48.77
48.77
48.77
47.68
47.68
47.68
46.45
47.26
46.89
45.75
46.56
47.4
46.23
47.34
48.15
47.77
48.63
48.27
47.1
46.02
45.82
44.66
44.66
45.49
45.49
45.19
44.15
44.15
44.15
42.94
42.94
42.94
41.85
41.85
41.85
42.67
41.46
42.29
41.14
41.14
40.87
41.68
40.86
41.69
40.83
40.84
40.83
40.83
41.67
40.85
40.87
40.06
40.9
40.95
41.78
42.61
43.42
42.59
43.43
43.43
43.42
44.24
45.07
45.88
45.84
45.01
45.03
44.23
44.23
44.23
43.41
43.41
42.59
41.77
41.77
41.79
41.75
42.57
41.74
40.93
40.93
40.1
40.94
41.76
42.58
41.76
41.76
41.72
42.53
41.7
40.88
40.06
40.86
40.85
41.7
41.7
41.73
41.73
40.92
41.79
41.79
41.79
41.79
42.6
43.42
43.42
44.24
44.25
43.41
44.24
44.23
44.22
45.02
44.74
43.93
43.94
43.93
43.09
43.09
45.83
47.72
47.72
47.72
48.79
51.54
53.45
53.45
53.45
53.45
56.19
58.86
61.59
61.59
61.59
63.63
62.81
62.81
61.98
61.98
61.98
61.16
60.35
62.41
63.59
63.59
62.77
63.89
65.02
66.11
66.11
67.29
69.27
68.43
69.59
68.76
67.93
67.12
67.12
66.28
68.93
68.13
69.97
71.77
73.7
75.6
75.6
77.51
77.51
79.41
79.41
82.15
82.15
82.15
82.15
84.81
83.97
83.15
85.07
87.82
87.82
87.82
90.53
89.69
91.62
90.8
90.8
89.98
89.17
88.36
91.09
93.75
93.75
95.69
97.5
99.4
98.57
100.49
102.47
102.47
101.6
103.56
103.56
103.56
102.75
103.91
103.91
103.09
102.27
104.26
105.4
104.6
105.76
106.94
108.09
108.09
109.21
110.35
112.33
114.3
113.53
110.75
110.75
112.72
112.8
112.04
109.3
111.29
113.28
113.28
110.54
107.87
105.14
105.14
107.12
105.08
107.05
107.05
109.03
109.03
111.01
112.99
114.98
112.92
112.89
112.89
114.86
114.87
114.86
112.93
114.91
112.9
112.9
114.89
114.85
116.83
118.82
120.81
122.78
122.78
120.13
122.12
121.45
120.8
120.02
119.27
121.26
120.51
120.51
117.77
119.75
119.0
119.0
119.0
119.0
118.32
118.32
118.32
115.58
114.81
114.81
116.78
116.04
116.04
113.29
115.27
117.25
119.22
121.18
123.15
120.42
117.76
117.76
115.02
112.36
109.61
111.59
110.82
108.84
108.84
108.84
108.86
108.86
108.86
110.83
110.82
110.82
112.81
112.81
112.8
110.83
110.83
108.84
106.86
104.88
104.88
102.91
100.92
100.91
98.94
98.94
100.92
100.92
98.95
98.95
96.96
96.96
94.97
94.96
94.96
94.96
94.96
94.96
97.61
98.37
100.98
101.7
101.7
107.08
107.08
107.08
107.08
105.09
105.09
105.12
107.1
105.13
105.14
103.18
105.16
105.16
105.16
105.16
103.17
103.17
103.17
103.15
101.16
99.19
99.19
99.19
97.2
95.21
93.23
91.27
89.28
87.29
87.28
87.28
89.26
89.24
89.23
89.23
89.23
91.22
89.24
89.24
89.24
89.24
87.26
89.23
89.23
87.26
89.23
91.22
89.24
87.26
85.29
85.32
85.32
87.3
87.3
87.3
89.27
89.27
89.27
87.29
87.29
89.28
89.28
91.26
89.28
89.28
89.28
87.31
85.34
87.31
87.3
87.3
87.3
87.3
89.28
91.27
91.27
91.27
91.27
93.25
95.24
93.27
93.27
93.28
93.28
95.25
95.25
93.27
93.27
95.25
95.25
93.27
93.27
95.26
95.26
95.26
92.61
89.87
87.26
84.57
86.55
81.16
81.16
79.18
77.2
79.19
79.19
77.18
77.17
79.14
79.14
79.14
79.13
77.15
79.12
77.14
79.12
79.14
79.12
77.15
79.13
79.13
81.09
81.09
83.08
83.08
83.08
83.08
83.08
85.06
85.06
87.03
87.02
85.06
85.07
85.07
85.07
85.05
87.02
89.0
89.0
89.0
90.98
89.01
87.04
89.02
87.05
85.06
85.06
87.04
89.02
87.03
85.06
85.06
87.03
89.01
87.04
89.05
89.05
91.04
91.04
89.05
89.05
89.06
89.06
89.06
91.05
93.03
95.01
93.04
91.06
93.03
93.02
94.99
94.99
94.97
96.95
98.93
100.9
100.89
100.88
100.88
100.88
98.9
96.92
96.92
98.89
101.64
101.64
99.66
101.64
101.64
101.64
99.65
99.65
99.65
101.62
101.62
101.62
103.6
103.6
103.6
103.6
105.57
107.54
105.55
107.52
109.5
107.53
105.56
103.58
103.58
101.61
103.6
101.63
101.63
99.65
97.66
97.69
97.69
95.71
97.7
95.74
97.71
95.72
97.7
97.7
97.7
99.68
97.7
95.72
95.72
93.75
93.75
91.76
93.73
93.73
91.76
89.79
87.81
89.8
89.8
87.82
87.82
87.82
87.82
89.79
91.76
93.74
93.74
91.76
91.76
93.74
91.76
91.77
89.79
89.79
89.77
91.74
89.75
89.75
91.71
93.68
91.69
93.67
93.67
93.67
91.69
91.68
93.66
93.66
91.69
91.69
91.7
91.69
89.72
89.73
89.74
87.77
85.8
83.82
83.82
83.82
83.82
85.81
83.84
83.86
83.08
85.06
85.06
85.05
87.02
89.0
90.98
92.96
92.96
90.99
92.97
94.94
94.95
92.97
91.0
91.0
91.01
89.04
91.01
89.04
87.06
89.05
91.04
91.04
91.04
91.04
91.02
91.02
93.01
93.01
95.0
94.97
96.94
96.94
96.94
96.94
94.97
94.97
92.99
92.99
92.99
91.01
91.01
91.01
89.04
91.01
91.01
91.01
91.01
92.98
94.95
96.94
98.92
98.9
100.87
102.84
104.81
104.81
102.83
100.86
100.87
98.89
98.88
100.85
102.84
102.83
102.83
100.85
102.82
102.82
100.83
100.84
102.82
100.84
100.88
100.88
102.86
100.88
102.89
102.88
104.87
104.91
102.93
102.93
104.9
104.9
104.89
104.9
104.9
104.88
104.87
104.87
107.5
110.2
112.93
112.93
115.67
113.68
116.42
114.43
115.17
113.19
113.19
111.22
111.24
109.26
109.26
107.28
109.25
109.25
107.27
105.3
103.31
105.28
105.28
107.27
105.29
105.29
103.32
105.3
105.3
105.29
105.29
105.29
107.26
107.26
105.29
107.26
105.27
105.27
105.26
105.27
105.27
105.27
103.28
105.25
107.23
109.21
109.21
111.19
111.19
111.19
111.19
113.18
113.18
113.2
115.18
115.18
113.21
111.24
109.27
107.28
105.3
105.3
105.32
103.35
101.38
101.38
103.35
105.33
103.35
105.32
103.35
103.36
101.37
101.36
101.36
101.36
99.39
99.39
101.37
101.37
99.39
99.39
99.36
97.39
97.39
97.39
95.38
95.37
95.36
93.35
95.32
95.32
93.35
93.36
93.36
93.36
95.34
95.35
93.37
95.35
92.72
90.02
89.26
91.23
88.49
88.49
87.73
89.72
88.98
90.95
92.92
92.92
92.91
92.91
90.93
92.92
90.95
90.95
92.94
94.91
96.9
96.91
96.91
96.9
96.9
98.89
98.89
96.91
98.89
98.89
96.9
98.89
96.92
98.89
100.87
100.88
100.88
102.86
100.88
100.89
100.9
102.85
102.85
102.85
102.84
100.86
100.86
100.89
100.89
100.89
102.86
102.84
104.81
104.78
102.8
102.8
104.77
106.74
106.74
108.7
110.71
110.72
108.73
110.7
110.7
110.7
110.71
110.7
112.66
112.67
112.67
110.69
110.69
110.71
112.69
112.69
114.65
116.64
114.66
112.68
112.68
112.68
110.71
110.71
108.73
108.73
108.73
108.73
106.75
108.73
108.75
108.75
111.18
109.2
107.23
105.25
105.92
103.94
103.94
104.66
104.66
107.39
110.86
108.89
108.89
110.87
108.89
106.9
106.9
104.93
102.96
102.96
102.96
102.96
104.94
102.95
104.93
104.93
104.93
102.96
100.97
100.97
102.94
100.96
102.94
100.95
102.92
104.9
102.92
102.92
102.92
102.9
104.87
102.9
102.9
102.89
104.86
102.88
104.85
102.87
100.89
98.94
98.94
96.97
95.0
96.96
96.96
94.95
94.95
94.95
94.95
94.96
92.99
91.03
91.03
93.02
91.05
89.08
89.08
89.11
89.08
89.07
89.07
89.07
89.07
89.07
89.08
89.1
89.12
87.14
87.14
89.12
89.12
87.14
85.16
87.13
87.15
85.16
85.16
87.12
89.1
89.1
91.08
93.06
93.06
95.05
95.05
95.07
97.05
97.06
97.04
99.01
98.56
100.53
102.49
104.48
103.8
105.78
107.75
107.03
109.01
106.28
100.84
102.83
102.83
102.83
102.83
102.83
102.85
102.85
102.85
102.85
100.87
102.85
102.85
104.82
102.84
104.81
104.81
106.78
106.78
104.8
102.83
104.79
102.81
104.79
104.79
102.81
102.81
102.8
104.76
104.77
104.78
106.76
104.78
102.81
100.84
102.82
100.85
102.84
104.82
104.82
104.82
104.82
104.82
104.83
106.81
106.81
106.81
108.77
108.78
106.8
108.78
108.78
110.76
110.74
112.73
112.73
112.73
110.74
108.76
106.79
106.79
104.82
104.82
106.79
104.8
102.81
100.83
102.8
102.8
102.78
104.76
106.73
108.74
106.77
106.76
106.76
108.74
106.78
106.79
106.79
106.79
104.81
104.81
102.82
102.82
103.43
104.11
104.87
105.64
103.67
101.69
102.45
102.47
100.48
98.51
96.53
94.56
94.55
94.56
96.53
96.53
94.54
96.52
96.55
96.55
98.54
96.55
98.53
100.52
100.52
100.52
100.53
98.55
96.58
96.58
94.61
94.6
92.63
94.61
96.58
98.56
96.6
96.6
96.6
96.64
98.61
100.57
98.6
96.64
96.67
96.67
96.68
96.68
96.68
96.68
94.7
94.7
92.71
92.7
94.69
96.67
98.65
98.65
96.68
96.68
99.36
99.36
100.05
100.82
103.56
101.58
104.33
102.35
102.36
100.37
102.36
104.35
106.34
108.32
110.3
110.3
110.3
112.28
112.28
114.26
116.24
118.21
116.24
118.23
118.25
116.27
114.3
114.27
114.27
112.3
114.27
114.28
116.26
114.27
116.24
114.26
116.24
116.24
118.22
120.21
117.61
116.93
116.16
115.39
115.39
117.36
114.63
114.63
114.63
114.63
114.63
116.61
114.64
114.63
114.63
116.6
116.6
114.62
112.61
112.61
110.62
110.62
108.64
106.65
106.65
108.63
108.62
108.62
110.59
112.6
112.6
112.6
114.59
114.59
112.62
110.64
110.64
110.64
108.66
106.65
106.65
106.66
106.66
106.66
104.65
102.67
100.68
102.67
102.67
104.65
104.65
104.65
104.65
104.65
104.64
102.66
102.66
104.64
104.64
102.66
99.98
101.94
101.27
98.52
97.76
97.76
96.99
96.99
96.99
98.97
96.98
94.99
94.97
92.99
93.0
93.0
93.0
91.02
91.04
91.05
91.04
89.07
91.05
89.06
87.08
87.08
87.08
87.84
90.58
90.58
91.32
92.06
92.73
92.73
90.76
90.76
88.78
90.75
90.75
90.74
92.73
90.75
90.74
88.77
88.77
88.78
90.77
88.79
88.79
88.79
90.78
88.8
90.79
88.81
88.82
86.85
88.84
88.84
90.82
92.79
94.76
96.73
98.71
98.71
98.71
96.73
94.75
94.75
92.78
90.77
90.77
88.79
88.78
86.8
86.8
86.8
88.78
90.75
92.72
92.72
90.75
88.78
88.78
88.78
88.78
88.78
88.78
88.78
88.78
88.78
90.75
90.75
90.75
88.78
88.78
90.76
90.76
88.78
88.78
88.78
88.78
88.8
88.8
90.78
88.8
88.8
86.82
86.82
86.82
84.84
84.84
86.83
84.86
84.86
84.85
86.86
88.84
88.84
86.85
86.84
84.87
84.87
82.89
82.89
84.87
84.87
84.87
82.13
79.39
81.37
78.66
75.93
73.28
75.25
77.21
79.18
79.18
79.19
77.21
75.23
73.24
75.22
75.22
77.19
79.18
79.18
77.19
79.16
81.14
83.13
83.13
83.13
81.14
83.11
83.14
83.14
81.15
81.15
79.17
79.16
77.19
77.2
77.2
79.19
81.17
81.17
83.14
85.12
87.1
89.08
91.05
93.03
91.05
91.05
91.05
93.04
91.06
91.07
91.08
91.08
93.05
93.05
95.04
97.01
97.01
98.99
100.96
98.97
98.97
98.97
98.98
98.98
100.96
102.94
102.93
102.93
100.95
102.93
104.91
106.89
108.87
108.86
106.88
104.9
106.86
106.86
108.85
110.83
108.85
108.85
108.85
108.84
110.8
110.8
108.82
108.78
106.8
106.8
106.8
104.82
104.82
104.82
107.53
107.53
108.29
108.29
108.29
108.29
110.26
108.28
108.28
108.28
108.28
106.31
106.33
104.36
106.34
104.36
104.36
106.33
108.31
108.32
108.33
108.34
106.35
104.37
104.37
102.4
102.41
100.42
100.41
100.41
102.39
102.41
100.4
102.36
102.36
104.34
106.31
106.33
108.31
108.31
106.33
106.35
106.34
106.34
104.37
102.39
102.39
100.41
98.44
98.44
100.42
102.39
102.39
100.4
100.4
98.42
96.44
96.44
96.46
96.46
94.47
92.5
94.49
92.51
90.54
90.54
90.54
90.54
90.53
92.5
92.51
90.53
90.55
90.56
90.56
88.58
88.57
86.59
84.61
84.62
86.61
86.61
86.63
88.61
86.62
84.64
86.61
88.6
88.6
88.6
88.62
90.6
92.58
92.58
94.56
96.54
96.54
98.52
98.52
98.52
95.81
95.81
93.07
93.07
93.07
95.04
95.05
97.03
98.99
98.99
100.97
102.94
102.93
102.93
102.96
104.93
104.93
102.96
102.96
100.97
98.99
97.01
97.01
98.97
98.97
100.95
98.96
98.96
98.95
98.95
96.97
96.96
98.93
96.97
96.97
94.99
95.0
94.99
94.98
94.99
96.96
94.95
94.97
94.97
96.94
98.92
96.94
96.94
98.91
98.91
98.91
98.93
100.91
102.89
102.89
104.86
104.86
106.82
106.8
106.8
108.77
110.79
110.78
112.76
112.76
112.76
114.75
114.75
114.77
114.77
112.78
114.75
114.73
114.75
116.72
118.7
118.71
120.7
122.68
120.7
120.7
122.67
120.69
120.68
122.65
124.63
124.65
124.64
124.64
122.66
120.68
121.36
122.12
122.89
120.91
118.93
121.66
121.67
121.67
121.67
123.64
123.64
123.64
123.64
125.62
123.65
123.65
121.67
121.69
121.69
121.68
119.71
119.71
119.71
119.68
119.69
121.67
123.65
123.65
123.65
123.65
125.63
127.61
127.62
127.62
127.61
127.61
129.58
129.59
129.59
131.57
131.57
129.6
131.57
133.55
133.55
131.57
129.6
129.62
129.6
129.62
129.62
127.63
127.63
127.64
127.64
129.63
129.63
129.63
129.67
127.69
127.66
127.65
127.66
127.66
127.67
127.67
125.71
125.71
127.7
125.73
123.71
123.71
121.73
121.73
121.73
121.72
121.72
121.71
119.74
121.71
119.74
119.76
119.73
119.74
117.76
115.78
115.76
115.75
115.75
113.76
111.79
111.79
111.8
109.83
109.82
109.8
109.81
109.81
109.81
109.81
109.12
108.36
105.62
105.62
107.59
106.83
106.82
108.8
108.8
106.83
106.83
106.83
106.83
106.82
106.82
106.81
106.81
106.81
106.81
104.84
106.83
104.86
104.86
102.88
102.87
100.89
98.91
98.92
98.92
100.9
100.9
100.89
100.91
102.88
102.88
102.88
100.91
98.93
98.93
96.95
94.97
96.94
94.97
92.99
92.99
94.98
96.94
96.93
94.96
94.99
94.99
94.99
94.99
94.98
93.0
91.01
91.01
91.02
89.0
90.97
90.99
90.99
89.0
89.0
89.0
90.98
90.98
90.98
90.97
92.94
94.92
92.94
92.94
92.94
94.93
94.92
94.91
92.93
92.93
90.96
90.96
88.97
88.97
88.98
90.96
90.96
90.96
88.99
88.99
88.99
88.99
91.65
89.67
92.41
93.21
91.24
91.98
94.64
96.61
98.59
98.59
98.58
98.58
98.58
98.59
98.59
98.6
98.59
98.59
98.59
98.59
100.57
100.57
98.6
98.6
98.62
100.61
98.63
98.63
100.62
98.63
100.61
102.59
104.58
104.58
106.55
106.55
104.56
104.56
104.56
104.57
102.6
102.59
102.6
102.62
102.62
102.62
104.61
104.61
104.61
104.61
102.64
102.64
102.64
102.64
102.64
100.68
100.69
102.67
100.65
100.65
102.63
102.63
102.64
104.62
104.62
104.62
104.61
106.59
106.6
106.61
106.61
108.59
110.57
108.59
108.59
108.59
106.62
106.62
106.62
104.64
106.62
106.62
106.62
106.62
106.63
106.65
106.65
108.63
108.63
110.61
110.61
110.61
108.62
106.64
108.63
108.63
108.63
108.63
110.61
110.61
107.95
109.93
107.19
104.42
106.4
103.67
101.01
101.03
99.05
99.06
97.09
99.08
99.08
99.07
97.1
97.1
97.11
97.11
99.09
101.07
99.09
101.1
101.1
103.08
103.07
103.05
105.02
107.01
106.99
108.98
108.99
107.01
106.99
105.02
105.04
105.04
107.02
109.0
109.0
107.01
108.98
107.0
107.0
105.01
106.98
108.96
106.97
108.95
108.95
110.92
112.9
114.88
114.88
114.88
112.89
112.89
112.88
112.89
114.87
114.87
112.89
114.88
114.91
114.91
116.89
118.87
116.9
116.89
116.9
116.88
114.91
112.93
110.95
110.95
110.95
110.95
112.93
110.95
108.98
108.98
108.97
110.96
112.95
110.96
108.98
106.99
108.96
106.98
106.98
105.0
107.63
108.39
111.14
111.14
111.83
112.6
112.6
112.6
110.62
110.62
110.62
108.64
110.61
112.6
110.62
110.62
110.62
110.61
110.61
108.63
110.6
108.61
108.61
106.64
106.64
104.65
104.65
104.65
104.64
104.63
106.61
104.6
104.6
102.62
102.61
102.62
100.65
100.64
100.65
100.64
98.65
100.64
100.65
102.62
102.61
104.6
102.62
102.62
100.64
100.64
98.67
100.64
100.64
100.64
98.67
98.68
98.68
98.68
100.66
100.67
100.66
98.68
100.66
102.64
102.64
102.64
102.65
100.66
100.65
100.65
102.62
100.63
100.6
100.6
98.62
96.64
98.62
98.63
96.64
94.67
94.67
96.65
98.63
98.63
96.65
96.65
96.65
96.65
98.63
100.61
100.62
98.63
96.64
96.64
98.62
98.62
96.65
96.65
96.65
96.65
94.02
93.24
90.49
92.47
89.79
87.05
87.05
87.05
89.02
90.99
92.97
94.95
94.97
94.99
94.99
94.99
94.99
95.0
95.0
95.0
93.03
95.02
95.02
95.02
95.02
97.01
95.03
97.01
95.04
93.07
91.09
93.08
93.08
93.08
93.08
93.11
95.1
95.09
93.11
93.11
93.11
91.12
89.14
89.14
87.16
85.17
87.14
87.14
87.14
89.13
89.13
89.13
87.15
89.13
89.13
89.11
89.11
87.13
85.15
83.17
83.17
83.17
83.17
81.19
83.18
85.15
85.13
85.13
85.14
85.14
83.17
85.15
83.17
83.17
85.15
87.13
87.13
85.15
87.13
87.13
89.11
89.1
87.12
87.12
89.1
89.1
87.12
89.1
87.12
85.14
83.16
83.16
85.89
88.59
86.61
86.61
89.36
92.09
92.09
94.83
94.83
94.83
94.83
94.82
96.8
96.8
98.77
100.76
98.79
98.8
96.82
96.83
96.81
94.8
94.8
96.78
98.77
96.78
98.75
98.75
100.76
100.73
100.73
102.75
102.75
100.76
102.73
100.75
102.72
102.72
104.7
102.71
102.71
104.68
102.71
102.68
102.67
100.7
102.69
100.71
102.7
104.67
104.67
102.7
104.67
104.67
104.67
104.67
106.65
104.66
106.63
106.64
106.64
104.66
104.66
102.69
102.69
102.69
104.67
104.67
104.68
104.68
102.7
104.68
102.69
102.71
102.73
104.7
102.72
102.72
104.69
102.71
102.71
102.7
102.7
102.7
100.72
102.69
102.69
104.67
104.66
102.69
104.67
104.67
104.7
104.7
106.67
106.66
108.64
108.64
108.64
108.64
107.88
105.18
107.16
107.16
106.39
105.65
107.67
104.93
104.93
104.96
104.96
104.98
104.98
106.96
106.96
104.97
106.95
106.95
108.96
106.97
105.0
106.97
108.95
106.97
106.96
106.96
106.96
108.95
106.94
106.95
106.95
106.92
106.92
106.92
104.95
106.92
106.92
106.92
106.93
108.9
110.88
108.91
110.88
108.9
108.89
110.87
110.86
110.86
108.87
108.89
110.86
110.86
110.87
112.86
112.85
112.86
110.88
110.88
108.91
106.93
108.91
108.91
110.89
112.88
112.88
114.86
112.88
114.86
112.88
114.86
116.84
116.84
118.82
116.83
114.84
114.84
114.84
116.83
114.86
114.86
116.83
116.83
114.85
112.87
114.88
114.89
112.91
110.93
108.96
110.93
108.95
108.95
109.68
112.41
113.15
111.18
109.2
109.2
109.2
109.2
109.2
109.2
107.22
109.2
107.22
105.23
105.2
105.2
105.2
105.2
105.2
103.21
103.2
103.2
101.23
101.23
99.25
97.27
95.26
97.23
97.23
97.25
97.25
97.25
97.24
97.24
97.25
95.26
95.26
93.29
93.29
93.27
93.27
93.27
95.25
95.25
93.28
93.28
91.29
89.32
87.34
89.33
89.33
89.33
87.36
85.38
85.37
85.37
85.37
83.38
81.41
83.39
81.41
79.42
77.46
75.47
77.45
79.42
81.39
83.36
83.35
83.35
81.37
79.38
81.35
81.35
83.33
81.35
83.34
81.36
81.36
79.38
79.39
79.39
79.39
77.42
79.41
79.4
79.4
81.37
79.4
77.43
79.4
81.39
81.35
81.35
83.33
85.31
87.29
85.32
87.29
89.27
86.53
85.78
85.04
87.02
87.02
87.02
87.02
87.02
85.05
87.02
89.0
87.02
89.0
90.99
89.0
90.99
90.99
90.98
92.97
92.97
91.0
89.02
89.02
89.02
89.02
91.0
92.97
92.99
94.98
94.96
92.98
94.95
92.98
92.98
91.0
92.98
92.98
92.98
94.96
94.97
96.95
96.95
96.96
94.99
94.99
94.99
96.96
98.93
98.93
98.93
96.96
98.94
100.92
100.92
98.95
100.92
102.91
104.88
106.86
106.86
106.86
108.84
108.84
108.84
106.86
106.86
104.89
102.92
102.92
104.91
104.91
104.91
102.94
100.96
100.95
100.95
98.96
100.94
98.96
100.94
100.93
100.93
102.9
102.9
102.88
102.88
102.88
102.89
104.87
104.87
102.9
102.9
103.67
104.44
102.46
100.48
98.5
98.5
99.27
100.02
102.27
102.26
100.29
98.31
100.29
100.29
100.29
100.29
100.29
98.32
98.32
98.32
98.32
96.33
96.33
94.34
96.32
94.34
92.35
94.33
96.3
96.3
96.3
98.28
100.26
100.27
100.29
98.3
96.31
96.32
96.32
96.32
98.33
98.33
100.31
98.33
100.3
100.3
98.32
96.34
94.36
94.36
94.38
96.36
96.36
98.34
98.35
98.36
100.33
98.34
98.34
96.36
94.38
94.38
94.38
94.4
94.39
94.39
92.41
90.43
90.43
88.45
88.45
88.45
90.46
88.49
90.47
92.44
92.45
90.46
92.45
92.45
94.42
96.4
94.43
96.41
98.4
98.39
98.39
98.38
98.37
100.35
98.38
98.38
96.41
94.43
94.43
94.42
92.44
94.45
94.45
94.43
91.69
88.94
90.91
90.91
90.91
90.91
88.17
87.42
87.16
87.17
89.15
91.12
89.14
91.11
93.1
93.1
93.1
95.09
93.11
95.08
95.08
95.08
97.07
97.07
97.06
99.03
99.03
97.05
95.08
97.06
99.03
99.03
99.04
99.04
97.05
97.05
99.02
97.04
97.04
97.04
97.01
97.01
95.03
95.03
95.03
96.99
98.97
98.97
100.96
102.94
102.91
102.92
104.91
104.91
104.91
104.9
102.93
104.92
104.92
106.9
108.89
110.87
112.84
110.85
110.84
110.84
112.82
112.82
112.82
112.82
114.79
116.77
116.74
118.71
118.72
118.74
118.74
118.74
118.73
118.73
116.76
114.78
114.78
112.8
112.78
110.81
112.78
112.79
112.8
110.82
110.82
110.82
110.82
113.47
116.21
114.24
116.98
114.97
117.63
115.66
118.4
120.38
118.41
120.39
122.38
124.35
124.35
124.34
124.33
122.35
122.36
122.36
124.34
122.37
120.38
122.36
124.34
122.35
122.35
122.36
120.38
120.38
120.37
122.34
122.34
122.34
122.34
122.34
122.34
120.36
120.36
120.36
120.35
120.34
120.34
120.34
120.35
120.35
122.34
122.36
122.36
122.36
122.36
124.33
122.36
122.38
122.37
122.37
120.38
120.42
120.43
120.41
120.39
118.41
118.4
118.4
120.37
120.35
122.33
120.35
120.37
118.39
116.42
116.42
114.45
112.48
112.47
112.47
114.43
114.43
114.45
112.47
113.11
111.14
109.15
109.91
110.66
110.66
111.42
111.42
111.42
111.42
114.17
116.92
117.66
117.66
118.43
119.13
119.84
122.58
122.58
122.58
122.58
119.93
119.94
119.94
117.2
119.95
120.0
120.0
119.97
117.99
120.65
118.67
119.38
117.41
120.16
120.9
118.92
118.92
119.68
120.42
121.19
121.19
121.19
119.21
117.23
119.96
119.96
120.69
123.35
126.01
124.03
124.77
125.45
126.22
126.22
126.22
126.22
128.97
127.0
127.71
128.47
126.49
129.24
131.95
129.97
129.97
127.98
128.72
126.74
129.45
129.45
127.48
130.15
128.17
128.94
128.94
131.69
129.67
130.41
131.18
131.94
134.65
132.68
133.45
131.48
129.51
127.53
130.21
130.94
130.94
130.94
133.65
133.65
133.65
131.68
134.34
132.38
132.38
133.13
135.86
133.24
136.01
136.01
133.26
133.28
133.28
133.28
133.28
136.01
136.01
136.01
133.26
130.55
133.3
130.56
127.88
125.19
125.2
127.91
127.91
127.91
127.91
127.82
127.82
127.82
127.82
125.11
127.86
127.89
130.55
130.57
133.25
130.55
130.55
130.54
127.83
127.83
130.58
130.57
127.86
127.84
130.57
130.57
133.28
133.28
133.25
133.25
130.54
127.88
127.93
130.22
127.51
126.84
124.1
124.1
126.08
126.08
125.3
127.28
126.56
123.82
123.82
123.05
120.34
120.34
122.31
124.28
123.52
123.52
120.81
122.79
122.79
122.11
122.11
121.38
121.38
118.63
118.63
117.88
115.14
114.38
113.65
115.62
112.88
114.86
116.85
116.85
114.17
113.41
115.38
115.38
112.67
112.67
112.67
114.64
111.98
113.95
113.95
113.19
110.46
110.46
109.67
109.67
109.67
106.92
106.92
104.18
106.17
105.43
105.43
104.66
106.64
106.64
105.87
107.84
109.82
109.82
109.05
108.32
110.29
110.29
112.26
111.57
113.55
115.53
114.77
116.74
115.97
115.2
112.54
109.86
107.18
107.18
109.92
107.18
107.18
107.18
107.14
104.4
107.14
106.4
103.67
105.65
104.91
104.91
104.18
104.18
104.18
106.17
105.43
103.14
105.12
105.12
105.12
105.12
105.11
107.1
105.13
103.15
103.15
103.15
103.15
101.17
103.15
103.15
103.17
103.18
101.21
101.21
101.21
101.21
101.21
101.2
103.18
101.17
103.13
103.13
103.13
103.13
103.13
101.16
99.18
97.21
99.18
97.2
95.21
95.21
97.19
95.21
95.21
97.18
97.18
99.16
101.13
99.16
99.16
99.18
99.18
97.2
97.2
99.17
97.19
99.18
101.15
103.13
105.11
107.09
107.06
105.07
107.05
105.07
103.09
105.07
105.05
105.04
105.04
107.02
107.01
105.03
105.04
105.04
103.07
103.08
103.08
103.08
101.09
99.12
97.14
97.15
99.12
99.12
99.12
101.1
98.36
100.34
100.34
100.34
99.61
101.59
100.82
100.82
100.82
98.84
98.85
98.85
96.88
98.86
98.86
98.84
98.85
100.82
98.84
96.86
96.86
96.86
94.89
92.9
94.87
96.84
94.87
96.85
98.83
100.8
100.8
100.8
98.81
96.83
96.83
98.8
98.8
96.82
96.82
94.84
92.86
92.86
92.88
92.88
92.88
92.88
94.87
94.87
94.87
94.87
94.87
96.85
98.84
100.82
98.84
98.84
98.84
98.84
100.82
100.81
100.81
102.8
104.78
104.77
106.76
106.76
106.76
106.78
106.78
104.79
104.8
102.82
100.84
98.86
98.88
98.88
98.86
100.83
100.83
100.83
98.87
96.91
96.89
96.89
96.89
98.86
96.88
98.85
100.84
100.85
98.87
99.62
102.27
105.01
107.67
108.43
109.2
109.2
111.17
111.17
113.15
113.14
113.14
115.12
115.12
113.14
113.15
111.16
113.14
115.12
115.11
117.09
119.05
117.07
119.06
117.09
115.11
115.11
117.1
117.1
119.09
121.07
121.07
121.07
119.1
119.1
121.07
121.07
119.09
117.12
117.11
117.11
117.11
119.09
119.09
119.11
121.09
123.07
125.05
125.05
125.05
125.05
123.07
123.07
123.07
121.09
121.77
121.77
124.51
124.51
125.25
125.25
123.26
121.28
121.28
123.26
123.28
121.31
119.33
117.36
117.36
117.34
117.33
117.33
115.34
117.31
117.31
117.29
117.29
117.29
115.31
115.31
115.31
115.31
115.31
117.28
117.31
115.34
115.34
115.35
115.35
115.35
115.36
113.38
113.39
111.42
113.39
111.42
111.4
109.41
111.38
108.65
106.0
103.26
102.58
101.83
101.1
103.08
101.11
101.1
99.12
97.15
99.14
97.16
97.15
99.13
99.16
99.16
99.15
99.16
99.2
97.22
97.24
97.24
95.25
95.25
97.22
97.23
95.24
95.24
95.24
93.26
93.26
95.24
97.23
97.25
97.26
95.28
95.28
97.25
97.26
97.26
99.23
97.25
97.25
97.25
97.25
97.25
97.24
97.24
99.21
101.18
101.18
103.17
105.16
105.16
102.49
104.47
101.73
101.73
99.02
99.02
99.02
99.02
100.99
99.01
99.01
100.99
102.97
102.97
101.0
99.03
99.04
97.06
99.02
97.05
99.03
97.06
97.06
97.06
99.04
101.01
103.0
104.99
103.01
103.01
101.02
103.32
105.84
106.59
106.59
109.24
107.27
110.01
110.77
110.77
108.8
108.8
108.8
108.8
106.83
108.81
108.81
110.79
108.81
108.8
106.79
104.81
106.79
104.82
104.82
104.82
102.83
104.8
102.83
100.85
100.81
102.78
102.78
100.79
98.78
98.78
98.76
98.76
100.74
100.74
100.76
100.77
100.77
102.74
102.73
102.73
104.71
104.71
104.71
102.72
102.72
102.72
102.72
102.73
102.73
104.69
104.7
106.68
108.66
108.66
106.68
106.67
104.7
104.7
104.7
104.69
104.69
104.68
102.69
102.69
102.69
100.71
100.71
100.71
100.71
100.71
100.71
102.69
102.7
104.67
102.68
102.68
100.7
100.7
100.7
102.68
102.68
104.65
104.67
104.67
104.66
104.66
106.65
108.63
108.63
108.65
108.65
106.66
106.66
106.65
108.63
106.33
103.81
101.07
101.07
100.4
102.37
99.63
98.87
100.84
100.84
100.84
98.87
98.87
98.87
96.89
96.89
96.89
98.85
98.86
98.86
100.83
100.83
100.83
102.8
102.8
102.8
102.81
104.8
106.77
104.8
104.81
102.84
104.82
104.82
106.8
106.83
106.83
106.84
108.83
108.8
106.81
106.81
104.84
104.82
104.82
102.84
102.83
100.84
100.84
98.86
98.86
100.83
98.85
96.87
94.91
94.91
94.91
92.93
92.92
94.89
92.92
94.89
94.89
94.9
94.92
96.89
94.91
96.89
96.89
96.89
96.89
98.86
100.83
100.83
98.85
100.83
98.85
98.84
98.85
98.85
98.85
100.84
100.84
100.84
100.85
100.84
100.85
98.87
100.84
98.87
98.87
98.89
99.66
100.42
101.17
99.18
99.18
101.92
102.7
100.72
102.7
102.7
102.7
102.7
100.72
100.73
100.73
100.73
100.74
100.74
102.73
104.71
104.71
104.71
106.68
106.68
104.7
102.74
102.73
104.7
102.73
102.72
102.72
100.75
102.72
104.69
104.68
104.67
104.67
104.67
104.67
104.67
102.69
102.69
100.71
100.7
100.7
100.69
98.7
98.71
98.71
100.69
100.69
98.73
98.73
100.72
100.73
102.7
104.69
104.69
104.69
102.72
104.71
106.68
106.68
106.66
106.67
108.66
106.68
104.71
104.71
104.71
106.69
104.71
104.71
104.72
104.72
104.71
106.7
108.68
110.66
110.67
108.7
108.7
108.7
106.72
106.72
104.75
102.77
102.77
102.77
100.78
102.77
104.76
104.75
104.76
104.75
106.73
106.74
108.72
108.72
106.71
103.96
101.22
98.48
98.48
100.45
99.69
98.93
100.89
98.91
100.89
100.89
102.88
104.86
102.88
102.88
100.9
100.9
100.9
100.9
100.9
102.87
102.87
100.9
102.88
102.88
104.85
102.87
102.89
102.89
102.9
104.87
104.87
104.88
104.89
102.92
102.91
100.94
100.94
98.96
100.94
100.94
100.94
102.92
100.94
100.94
98.96
100.93
98.96
100.93
100.93
100.93
102.91
102.91
100.92
98.94
98.96
98.94
98.94
98.94
98.94
96.95
96.96
96.96
95.0
93.01
92.99
94.97
96.94
96.94
96.94
96.93
96.93
96.92
96.92
98.91
96.94
96.93
96.93
94.95
94.98
96.96
98.95
100.93
100.93
100.93
102.92
102.92
102.92
100.94
100.94
100.92
98.93
96.95
94.97
95.74
93.76
91.78
89.8
92.46
95.17
95.17
97.14
97.14
99.11
97.14
97.13
95.15
93.19
93.19
91.21
93.18
91.19
91.18
91.18
93.17
93.17
91.19
91.19
91.17
91.17
91.18
91.18
91.18
91.17
91.17
91.19
93.17
93.16
95.13
93.15
91.18
91.18
89.2
87.22
89.19
87.22
87.22
87.22
89.2
89.19
89.19
89.19
89.19
91.17
91.17
91.17
91.18
93.15
93.16
91.18
93.17
91.19
91.19
93.16
93.16
93.15
93.15
93.15
93.15
93.15
95.12
93.14
95.12
95.12
97.09
95.12
95.12
95.13
97.1
97.11
97.12
99.1
97.13
97.14
95.15
97.12
95.14
95.13
97.11
95.1
95.1
95.08
93.1
95.07
95.07
95.09
95.09
95.09
97.07
97.07
97.07
99.05
99.05
99.05
98.29
100.27
100.27
100.27
97.61
96.88
96.88
94.91
94.91
92.94
94.92
92.95
92.95
94.92
96.88
96.88
96.89
96.89
94.92
96.9
94.91
94.91
96.89
96.89
96.9
94.92
92.94
94.91
96.9
94.93
94.93
92.94
90.96
90.96
88.99
90.97
90.97
90.97
92.95
94.93
94.95
96.92
98.91
98.91
96.93
94.96
96.93
96.93
96.92
94.94
96.91
96.91
94.93
92.96
92.99
94.98
92.99
92.99
94.97
93.0
94.99
93.01
93.02
95.0
95.0
96.97
95.0
96.98
96.99
98.97
98.98
98.98
97.0
95.02
93.05
91.07
89.09
87.11
89.1
87.11
87.11
87.13
89.11
87.14
85.16
85.16
85.15
85.16
85.16
85.17
87.14
87.12
87.12
87.12
87.84
90.55
88.58
89.33
92.04
94.78
92.8
90.82
92.8
94.78
96.76
94.78
96.76
96.76
96.76
98.74
98.72
98.72
98.72
96.75
94.79
96.76
96.74
96.74
98.72
96.74
96.74
96.74
96.74
98.72
96.74
96.74
98.72
96.75
94.76
94.76
96.74
98.72
98.72
96.74
96.74
96.73
96.73
96.73
94.75
92.77
92.76
92.77
92.75
92.75
92.75
94.72
92.75
92.75
92.75
92.75
90.78
92.77
92.77
92.77
90.76
88.77
90.76
90.76
88.78
88.78
88.77
88.77
88.76
86.78
86.78
86.79
86.79
86.79
86.78
84.8
82.82
82.82
84.79
84.79
86.78
86.78
86.78
86.78
86.77
88.75
88.75
86.76
84.78
84.78
86.76
86.76
86.78
86.78
86.78
86.78
84.81
84.81
86.79
88.76
86.06
83.35
85.33
82.6
81.86
79.12
81.11
81.11
81.1
81.11
79.13
79.13
79.14
79.14
81.13
81.13
81.14
83.13
83.13
85.11
85.11
85.12
85.13
85.13
85.14
85.14
85.14
87.13
87.13
85.15
87.16
89.14
87.16
89.13
89.13
91.14
91.14
89.16
89.16
89.16
89.16
87.19
89.16
91.15
91.15
93.12
91.14
91.14
91.15
93.12
93.12
91.15
91.15
91.15
91.15
91.15
91.15
91.14
91.14
93.12
95.09
95.09
95.08
95.08
95.08
97.06
97.07
97.07
97.07
99.05
101.06
99.08
99.08
97.1
95.12
97.09
99.07
101.06
101.07
101.07
99.08
99.08
99.08
99.08
97.1
95.12
97.1
97.1
99.07
101.04
101.77
101.77
99.78
97.8
100.55
101.31
101.31
99.32
100.03
98.06
100.04
102.01
102.0
103.97
102.0
103.99
103.99
103.99
102.02
100.03
100.03
100.03
98.04
98.04
98.03
96.05
94.08
92.09
92.09
90.11
92.09
92.09
90.12
90.12
90.11
90.11
92.13
90.14
90.13
90.13
90.1
88.12
90.09
90.09
92.07
92.03
90.05
92.03
92.03
92.03
92.03
94.01
92.04
90.05
90.05
88.08
90.06
90.06
88.08
88.1
90.09
92.07
94.04
94.04
92.07
94.04
94.04
94.04
94.04
94.03
92.06
92.06
90.08
90.08
90.08
88.1
86.11
86.11
84.14
82.16
82.13
84.14
84.14
86.12
88.1
88.11
86.13
84.14
84.14
86.13
86.13
88.11
90.1
92.08
92.08
92.08
92.07
92.07
92.07
90.1
89.37
89.37
91.34
93.32
92.54
91.78
93.75
93.75
91.06
91.06
91.04
89.07
89.07
87.1
87.1
85.11
83.12
83.12
83.12
85.1
85.1
85.1
85.1
85.1
85.11
87.08
89.06
91.07
93.05
93.05
91.07
91.07
93.05
95.02
95.01
95.01
94.97
94.97
94.97
96.94
96.92
98.9
98.9
96.93
96.94
96.94
96.94
96.95
96.95
98.92
100.9
98.92
98.92
100.91
100.91
102.88
100.9
100.91
102.89
102.86
100.87
98.89
98.89
98.89
100.86
98.89
100.86
100.85
100.85
100.87
100.87
100.87
100.87
102.84
102.84
102.84
104.83
106.8
108.78
110.79
108.81
106.8
108.77
108.77
108.77
108.77
110.75
112.73
110.75
108.76
108.76
106.78
107.15
105.17
105.17
107.83
105.86
105.86
106.66
106.66
107.33
110.04
110.06
110.07
110.07
110.06
108.09
110.07
112.06
112.06
112.07
112.07
110.1
110.1
112.08
112.08
114.05
114.05
116.02
116.03
118.02
120.01
122.0
123.97
123.97
122.0
122.01
120.0
118.02
118.02
119.99
118.01
116.03
116.04
114.07
114.07
112.09
114.07
112.1
112.11
112.14
112.13
110.16
110.16
108.17
106.2
108.18
106.19
108.17
108.19
108.19
110.18
110.18
108.19
110.16
110.17
110.17
110.17
110.18
110.2
112.18
114.15
112.18
114.17
112.2
112.2
110.23
108.26
110.25
110.24
112.22
114.2
114.2
112.23
112.23
114.22
114.22
112.25
112.26
110.25
112.24
112.24
110.27
108.29
106.31
106.3
106.29
104.31
106.28
108.25
108.25
108.25
105.89
107.87
107.87
105.21
107.18
107.18
106.4
106.4
103.75
101.04
101.03
101.01
101.03
99.06
99.06
99.05
99.05
99.05
97.08
99.06
99.06
101.02
99.04
101.01
101.01
102.99
103.0
101.01
101.01
99.02
97.03
95.06
95.04
97.0
97.0
97.0
98.98
100.95
98.98
98.98
100.96
100.96
102.93
104.91
106.88
106.87
106.87
106.85
106.83
104.86
106.84
106.84
106.84
106.84
104.86
104.86
102.88
100.89
98.91
98.89
100.87
102.85
102.86
100.88
102.87
102.86
100.87
100.87
98.89
98.89
98.89
96.9
96.9
96.9
96.9
96.9
96.88
94.9
94.9
94.9
94.9
96.88
98.85
98.84
98.84
98.84
98.82
98.82
96.83
98.8
98.8
100.81
100.81
101.55
99.58
99.58
100.35
98.38
98.38
101.09
103.72
103.7
105.68
105.68
105.69
107.67
105.68
107.65
109.62
111.6
111.61
109.64
109.63
109.63
111.61
111.62
111.6
113.59
113.59
111.61
111.61
111.62
111.62
111.64
109.67
107.69
105.71
107.68
107.66
107.66
109.64
111.6
111.62
111.63
111.62
113.6
113.61
111.64
113.63
113.63
111.65
109.67
109.67
107.69
105.72
105.72
105.72
105.74
103.77
105.73
103.75
105.76
105.76
105.76
105.76
105.76
105.76
107.74
107.74
107.74
107.73
105.75
103.77
103.77
103.75
101.77
103.75
103.75
105.73
103.76
103.76
103.76
103.76
103.76
103.76
103.76
101.79
101.79
99.81
97.83
97.83
95.85
93.88
93.88
91.89
93.86
93.86
93.86
93.86
93.86
93.86
93.83
93.83
93.1
93.1
93.1
92.34
94.31
96.28
95.55
92.92
92.94
90.96
90.96
88.98
87.0
87.0
87.02
87.02
87.03
85.04
87.01
87.0
88.98
88.97
86.99
85.02
83.03
85.01
86.99
86.99
86.99
88.96
86.97
86.97
86.97
88.93
86.96
86.98
86.98
85.0
85.01
85.01
83.04
81.06
81.07
79.08
79.08
79.1
79.1
81.09
83.06
81.09
81.09
83.06
81.09
81.09
79.11
81.09
81.09
83.07
83.04
83.04
83.04
85.02
85.02
86.99
85.01
86.99
87.0
87.02
87.02
89.01
90.98
89.01
91.0
90.99
90.99
90.99
92.95
94.93
94.93
96.91
98.9
100.88
102.86
104.83
106.8
108.78
110.75
110.75
110.75
110.75
108.77
108.77
109.55
110.24
112.98
112.98
113.74
113.74
114.46
117.32
115.34
117.32
119.29
119.28
119.28
117.31
117.31
117.31
117.32
117.32
119.3
121.27
121.27
121.27
121.27
119.3
117.31
117.31
117.31
117.31
117.32
115.35
115.35
115.35
115.35
113.37
113.38
113.38
113.39
111.42
113.41
113.41
113.41
113.43
113.43
111.44
113.42
113.42
111.45
111.43
113.41
115.39
113.4
115.39
115.39
115.36
115.36
115.35
115.37
117.34
119.31
117.34
117.34
119.3
121.28
119.3
117.34
117.35
117.33
117.33
117.33
117.33
119.3
119.32
119.32
117.34
115.36
113.37
115.34
113.35
111.38
111.38
109.39
109.4
109.39
107.41
105.45
103.47
103.47
101.49
101.48
101.47
99.49
99.49
99.5
99.51
99.51
99.51
99.51
99.51
101.49
103.45
100.7
98.04
95.3
97.28
96.53
96.53
93.83
92.95
94.93
92.95
90.98
90.98
90.97
90.97
90.97
92.94
92.93
94.91
94.9
94.9
96.88
98.85
96.86
98.85
100.83
102.82
100.85
98.88
96.89
96.89
96.89
98.87
98.87
98.87
96.88
96.88
96.88
98.87
96.88
98.86
98.86
98.87
98.87
98.87
98.87
98.87
98.87
96.9
94.92
94.93
94.93
94.91
94.91
94.92
96.9
94.92
94.91
94.92
94.92
96.89
96.89
96.91
94.93
96.9
96.9
96.89
96.91